========== 1 ==========
53.69849564397099
51.4423544126389
68.41864099034743
55.620223162888735
53.05735095599619
========== 2 ==========
110.16434248137827
118.03886892455029
124.77453346789466
134.3287956900103
110.45615552430273
========== 4 ==========
169.07662966533536
167.9831774601268
182.76817128252978
191.85907025211026
178.0844361710205
========== 8 ==========
273.29713467379355
170.57532983666528
252.31819042824313
200.96038271451792
251.57808029697966
========== 16 ==========
253.32010195276197
245.25171274050044
275.3922737288351
314.46135157238257
317.57306299113606
